--------------------
Cycle 1: 	64	ADDI XZR, X28, #828

Registers
X00: 	0	0	0	0	0	0	0	0
X08: 	0	0	0	0	0	0	0	0
X16: 	0	0	0	0	0	0	0	0
X24: 	0	0	0	0	0	0	0	0

Data
136: 	-1790680248	-247475076	-1011073345	1603467780	337288782	1719472843	-1634636007	-1838229692
168: 	1608654956	-1954824519	2061506711	-368690388	997086233	474882195	702443160	1100461221
200: 	-599686750	1643499195	2079933147	-490533173

--------------------
Cycle 2: 	68	AND X24, X18, X2

Registers
X00: 	0	0	0	0	0	0	0	0
X08: 	0	0	0	0	0	0	0	0
X16: 	0	0	0	0	0	0	0	0
X24: 	0	0	0	0	0	0	0	0

Data
136: 	-1790680248	-247475076	-1011073345	1603467780	337288782	1719472843	-1634636007	-1838229692
168: 	1608654956	-1954824519	2061506711	-368690388	997086233	474882195	702443160	1100461221
200: 	-599686750	1643499195	2079933147	-490533173

--------------------
Cycle 3: 	72	EORI X8, X29, #3320

Registers
X00: 	0	0	0	0	0	0	0	0
X08: 	3320	0	0	0	0	0	0	0
X16: 	0	0	0	0	0	0	0	0
X24: 	0	0	0	0	0	0	0	0

Data
136: 	-1790680248	-247475076	-1011073345	1603467780	337288782	1719472843	-1634636007	-1838229692
168: 	1608654956	-1954824519	2061506711	-368690388	997086233	474882195	702443160	1100461221
200: 	-599686750	1643499195	2079933147	-490533173

--------------------
Cycle 4: 	76	SUBI X9, X1, #962

Registers
X00: 	0	0	0	0	0	0	0	0
X08: 	3320	-962	0	0	0	0	0	0
X16: 	0	0	0	0	0	0	0	0
X24: 	0	0	0	0	0	0	0	0

Data
136: 	-1790680248	-247475076	-1011073345	1603467780	337288782	1719472843	-1634636007	-1838229692
168: 	1608654956	-1954824519	2061506711	-368690388	997086233	474882195	702443160	1100461221
200: 	-599686750	1643499195	2079933147	-490533173

--------------------
Cycle 5: 	80	ADD X12, X20, X15

Registers
X00: 	0	0	0	0	0	0	0	0
X08: 	3320	-962	0	0	0	0	0	0
X16: 	0	0	0	0	0	0	0	0
X24: 	0	0	0	0	0	0	0	0

Data
136: 	-1790680248	-247475076	-1011073345	1603467780	337288782	1719472843	-1634636007	-1838229692
168: 	1608654956	-1954824519	2061506711	-368690388	997086233	474882195	702443160	1100461221
200: 	-599686750	1643499195	2079933147	-490533173

--------------------
Cycle 6: 	84	EOR X13, X20, X26

Registers
X00: 	0	0	0	0	0	0	0	0
X08: 	3320	-962	0	0	0	0	0	0
X16: 	0	0	0	0	0	0	0	0
X24: 	0	0	0	0	0	0	0	0

Data
136: 	-1790680248	-247475076	-1011073345	1603467780	337288782	1719472843	-1634636007	-1838229692
168: 	1608654956	-1954824519	2061506711	-368690388	997086233	474882195	702443160	1100461221
200: 	-599686750	1643499195	2079933147	-490533173

--------------------
Cycle 7: 	88	LSL X24, X5, X12

Registers
X00: 	0	0	0	0	0	0	0	0
X08: 	3320	-962	0	0	0	0	0	0
X16: 	0	0	0	0	0	0	0	0
X24: 	0	0	0	0	0	0	0	0

Data
136: 	-1790680248	-247475076	-1011073345	1603467780	337288782	1719472843	-1634636007	-1838229692
168: 	1608654956	-1954824519	2061506711	-368690388	997086233	474882195	702443160	1100461221
200: 	-599686750	1643499195	2079933147	-490533173

--------------------
Cycle 8: 	92	ANDI X27, X5, #2344

Registers
X00: 	0	0	0	0	0	0	0	0
X08: 	3320	-962	0	0	0	0	0	0
X16: 	0	0	0	0	0	0	0	0
X24: 	0	0	0	0	0	0	0	0

Data
136: 	-1790680248	-247475076	-1011073345	1603467780	337288782	1719472843	-1634636007	-1838229692
168: 	1608654956	-1954824519	2061506711	-368690388	997086233	474882195	702443160	1100461221
200: 	-599686750	1643499195	2079933147	-490533173

--------------------
Cycle 9: 	96	EORI X9, X29, #819

Registers
X00: 	0	0	0	0	0	0	0	0
X08: 	3320	819	0	0	0	0	0	0
X16: 	0	0	0	0	0	0	0	0
X24: 	0	0	0	0	0	0	0	0

Data
136: 	-1790680248	-247475076	-1011073345	1603467780	337288782	1719472843	-1634636007	-1838229692
168: 	1608654956	-1954824519	2061506711	-368690388	997086233	474882195	702443160	1100461221
200: 	-599686750	1643499195	2079933147	-490533173

--------------------
Cycle 10: 	100	EORI X22, X12, #1278

Registers
X00: 	0	0	0	0	0	0	0	0
X08: 	3320	819	0	0	0	0	0	0
X16: 	0	0	0	0	0	0	1278	0
X24: 	0	0	0	0	0	0	0	0

Data
136: 	-1790680248	-247475076	-1011073345	1603467780	337288782	1719472843	-1634636007	-1838229692
168: 	1608654956	-1954824519	2061506711	-368690388	997086233	474882195	702443160	1100461221
200: 	-599686750	1643499195	2079933147	-490533173

--------------------
Cycle 11: 	104	LSL X14, X29, X11

Registers
X00: 	0	0	0	0	0	0	0	0
X08: 	3320	819	0	0	0	0	0	0
X16: 	0	0	0	0	0	0	1278	0
X24: 	0	0	0	0	0	0	0	0

Data
136: 	-1790680248	-247475076	-1011073345	1603467780	337288782	1719472843	-1634636007	-1838229692
168: 	1608654956	-1954824519	2061506711	-368690388	997086233	474882195	702443160	1100461221
200: 	-599686750	1643499195	2079933147	-490533173

--------------------
Cycle 12: 	108	EORI X28, X5, #2692

Registers
X00: 	0	0	0	0	0	0	0	0
X08: 	3320	819	0	0	0	0	0	0
X16: 	0	0	0	0	0	0	1278	0
X24: 	0	0	0	0	2692	0	0	0

Data
136: 	-1790680248	-247475076	-1011073345	1603467780	337288782	1719472843	-1634636007	-1838229692
168: 	1608654956	-1954824519	2061506711	-368690388	997086233	474882195	702443160	1100461221
200: 	-599686750	1643499195	2079933147	-490533173

--------------------
Cycle 13: 	112	ADD X25, X18, X21

Registers
X00: 	0	0	0	0	0	0	0	0
X08: 	3320	819	0	0	0	0	0	0
X16: 	0	0	0	0	0	0	1278	0
X24: 	0	0	0	0	2692	0	0	0

Data
136: 	-1790680248	-247475076	-1011073345	1603467780	337288782	1719472843	-1634636007	-1838229692
168: 	1608654956	-1954824519	2061506711	-368690388	997086233	474882195	702443160	1100461221
200: 	-599686750	1643499195	2079933147	-490533173

--------------------
Cycle 14: 	116	ANDI X28, X13, #3330

Registers
X00: 	0	0	0	0	0	0	0	0
X08: 	3320	819	0	0	0	0	0	0
X16: 	0	0	0	0	0	0	1278	0
X24: 	0	0	0	0	0	0	0	0

Data
136: 	-1790680248	-247475076	-1011073345	1603467780	337288782	1719472843	-1634636007	-1838229692
168: 	1608654956	-1954824519	2061506711	-368690388	997086233	474882195	702443160	1100461221
200: 	-599686750	1643499195	2079933147	-490533173

--------------------
Cycle 15: 	120	LSL X6, X10, X24

Registers
X00: 	0	0	0	0	0	0	0	0
X08: 	3320	819	0	0	0	0	0	0
X16: 	0	0	0	0	0	0	1278	0
X24: 	0	0	0	0	0	0	0	0

Data
136: 	-1790680248	-247475076	-1011073345	1603467780	337288782	1719472843	-1634636007	-1838229692
168: 	1608654956	-1954824519	2061506711	-368690388	997086233	474882195	702443160	1100461221
200: 	-599686750	1643499195	2079933147	-490533173

--------------------
Cycle 16: 	124	ORRI X16, X9, #339

Registers
X00: 	0	0	0	0	0	0	0	0
X08: 	3320	819	0	0	0	0	0	0
X16: 	883	0	0	0	0	0	1278	0
X24: 	0	0	0	0	0	0	0	0

Data
136: 	-1790680248	-247475076	-1011073345	1603467780	337288782	1719472843	-1634636007	-1838229692
168: 	1608654956	-1954824519	2061506711	-368690388	997086233	474882195	702443160	1100461221
200: 	-599686750	1643499195	2079933147	-490533173

--------------------
Cycle 17: 	128	LSR X3, X7, X8

Registers
X00: 	0	0	0	0	0	0	0	0
X08: 	3320	819	0	0	0	0	0	0
X16: 	883	0	0	0	0	0	1278	0
X24: 	0	0	0	0	0	0	0	0

Data
136: 	-1790680248	-247475076	-1011073345	1603467780	337288782	1719472843	-1634636007	-1838229692
168: 	1608654956	-1954824519	2061506711	-368690388	997086233	474882195	702443160	1100461221
200: 	-599686750	1643499195	2079933147	-490533173

--------------------
Cycle 18: 	132	DUMMY

Registers
X00: 	0	0	0	0	0	0	0	0
X08: 	3320	819	0	0	0	0	0	0
X16: 	883	0	0	0	0	0	1278	0
X24: 	0	0	0	0	0	0	0	0

Data
136: 	-1790680248	-247475076	-1011073345	1603467780	337288782	1719472843	-1634636007	-1838229692
168: 	1608654956	-1954824519	2061506711	-368690388	997086233	474882195	702443160	1100461221
200: 	-599686750	1643499195	2079933147	-490533173

